
=========================================================================================================================================================
                     Mat CC            Mat MI            Un5 CC           Un5 MI           Inf CC          Inf MI          Neo CC          Neo MI        
---------------------------------------------------------------------------------------------------------------------------------------------------------
Armed conflict         34.47 *           24.36 *            2.96 *           2.60 *           1.65 *          1.47 *          0.13            0.09       
                     [ 25.66;  43.28]  [ 15.42;  33.30]  [  1.56;  4.36]  [  1.21;  3.99]  [ 0.93;  2.36]  [ 0.76;  2.18]  [-0.15;  0.40]  [-0.19;  0.36]
log(GDP)              -27.49 *          -29.58 *           -8.70 *          -8.76 *          -6.13 *         -6.18 *         -3.18 *         -3.23 *     
                     [-36.78; -18.20]  [-39.88; -19.27]  [-10.14; -7.26]  [-10.24; -7.28]  [-6.87; -5.40]  [-6.94; -5.42]  [-3.46; -2.89]  [-3.52; -2.93]
OECD                   28.06             28.25              6.62 *           6.91 *           3.22 *          3.40 *          1.22 *          1.28 *     
                     [ -2.60;  58.72]  [ -6.74;  63.23]  [  2.15; 11.08]  [  2.40; 11.42]  [ 0.94;  5.49]  [ 1.09;  5.71]  [ 0.33;  2.11]  [ 0.39;  2.18]
Population density     -0.42             -0.48             -0.34 *          -0.30 *          -0.18 *         -0.15 *         -0.05 *         -0.04 *     
                     [ -1.16;   0.33]  [ -1.25;   0.29]  [ -0.46; -0.23]  [ -0.41; -0.19]  [-0.24; -0.12]  [-0.21; -0.10]  [-0.08; -0.03]  [-0.06; -0.02]
Urban                  -8.30 *           -8.13 *           -1.74 *          -1.75 *          -1.01 *         -1.01 *         -0.39 *         -0.39 *     
                     [-10.23;  -6.36]  [-10.11;  -6.14]  [ -2.03; -1.44]  [ -2.04; -1.45]  [-1.16; -0.86]  [-1.17; -0.86]  [-0.44; -0.33]  [-0.44; -0.33]
Age dependency         -0.60             -0.19             -0.06            -0.04             0.04            0.05            0.04 *          0.04 *     
                     [ -1.26;   0.06]  [ -0.84;   0.46]  [ -0.15;  0.04]  [ -0.14;  0.05]  [-0.00;  0.09]  [-0.00;  0.10]  [ 0.03;  0.06]  [ 0.03;  0.06]
Male education        -60.63 *          -63.45 *           -9.01 *          -9.20 *          -4.82 *         -4.97 *         -1.32 *         -1.42 *     
                     [-72.29; -48.96]  [-74.51; -52.39]  [-10.67; -7.34]  [-10.88; -7.53]  [-5.67; -3.97]  [-5.83; -4.11]  [-1.66; -0.99]  [-1.75; -1.08]
Average temperature    10.52 *           13.69 *            2.42 *           2.53 *           1.15 *          1.21 *          0.30 *          0.31 *     
                     [  4.28;  16.75]  [  7.18;  20.21]  [  1.41;  3.43]  [  1.52;  3.54]  [ 0.64;  1.67]  [ 0.69;  1.72]  [ 0.10;  0.50]  [ 0.11;  0.52]
Earthquake              4.50              4.21              1.64 *           1.63 *           0.88 *          0.88 *          0.45 *          0.44 *     
                     [ -4.67;  13.68]  [ -5.47;  13.89]  [  0.17;  3.10]  [  0.16;  3.11]  [ 0.14;  1.63]  [ 0.12;  1.63]  [ 0.16;  0.74]  [ 0.14;  0.73]
Drought                -1.26              0.78              0.94             0.78             0.73 *          0.61            0.40 *          0.34 *     
                     [ -9.45;   6.93]  [ -7.68;   9.23]  [ -0.34;  2.22]  [ -0.49;  2.05]  [ 0.08;  1.38]  [-0.04;  1.26]  [ 0.15;  0.66]  [ 0.09;  0.59]
---------------------------------------------------------------------------------------------------------------------------------------------------------
R^2                     0.97              0.97              0.97             0.97             0.98            0.98            0.99            0.99       
Adj. R^2                0.97              0.97              0.97             0.97             0.98            0.98            0.99            0.99       
Num. obs.            3223                                3618                              3618                            3618                          
nimp                                     10                                 10                               10                              10          
nobs                                   3720                               3720                             3720                            3720          
=========================================================================================================================================================
* Null hypothesis value outside the confidence interval.
